0 0.6280660882604969 0.5520446539084072 0.020619108826049743 0.08509473483766541
0 0.7262406367041199 0.5619595875525962 0.03225135247607156 0.08426966292134826
0 0.5647888056595922 0.44006334674249775 0.020677278401997512 0.08207333425810324
0 0.4186669128508124 0.49206739974834507 0.023849089118660714 0.0760435472400022
0 0.3338831018518518 0.4527777777777778 0.026678240740740714 0.07572016460905355
0 0.10153356481481482 0.3952674897119342 0.019270833333333334 0.0781893004115226
0 0.056018518518518516 0.33055555555555555 0.0125 0.06893004115226338
0 0.1228125 0.31935185185185183 0.013750000000000004 0.06925925925925927
0 0.18296875 0.25217592592592597 0.013749999999999988 0.05898148148148147
0 0.21283854166666666 0.2378240740740741 0.012239583333333333 0.06064814814814817
0 0.3032718120805369 0.34706686552324134 0.016359060402684554 0.07693263733532187
0 0.31341145833333334 0.25296296296296295 0.011406250000000047 0.056851851851851834
0 0.3794010416666667 0.26662037037037034 0.015468749999999965 0.05564814814814817
0 0.7948994252873562 0.4491805023414218 0.02262931034482752 0.07865048957002976
0 0.8070222701149423 0.4137398893146019 0.024006226053639897 0.0692848020434227
0 0.612421875 0.2825462962962963 0.010885416666666595 0.05675925925925927
0 0.6759895833333334 0.2585185185185185 0.01395833333333331 0.061296296296296314
0 0.871171875 0.29495370370370366 0.02401041666666674 0.06268518518518518
0 0.8785937500000001 0.37671296296296297 0.02062500000000007 0.07527777777777779
0 0.7864843750000001 0.3287962962962963 0.022031249999999978 0.0672222222222222
1 0.5569584736251403 0.4125514403292182 0.4317480359147026 0.1243920688365134
0 0.7854427083333334 0.3269444444444445 0.022031249999999978 0.0672222222222222
